AULA  4

MÉTODO DO PONTO FIXO 

Testar a função iteradora: g1(x)= (1+exp(x)+x^3)/14


[z,nit]=pfixo('g1',0,1e-10)

z =

   0.155108293059277


nit =

    11

[z,nit]=pfixo('g1',1,1e-10)

z =

   0.155108293069864


nit =

    12
%%%%%%%%%%%%%%%%%%%%%%%%%%%%  g2(x)= 0.5 x^2 , x_0=1

[z,nit]=pfixo('g2',1,1e-10)

z =

     5.877471754111438e-39


nit =

     8

%%%%%%%%%%%%%%  Exemplos de divergência
%%%%%%%%%%%  g2(x)= 0.5 x^2 , x_0=3

[z,nit]=pfixo('g2',3,1e-10)

z =

   Inf


nit =

    13

%%%%%%%%%%%  g3(x)= -x^3 , x_0=1


[z,nit]=pfixo('g3',1,1e-10)
a condicao de paragem nao foi satisfeita 

z =

    -1


nit =

   100

%%%%%%%%  Testes da ordem de convergência
[z,nit ,ord1,ord2,ord3] = pfixordem('g1',0.5, 1e-10)

z =

   0.155108293064670


nit =

    10


ord1 =

  Columns 1 through 3

   0.129388564428716   0.092262740693361   0.088892809319695

  Columns 4 through 6

   0.088597270280175   0.088571123749308   0.088568808210915

  Columns 7 through 9

   0.088568603291431   0.088568582542441   0.088568610057657

  Column 10

   0.088568456160762


ord2 =

   1.0e+08 *

  Columns 1 through 3

   0.000000004286134   0.000000023621113   0.000000246668837

  Columns 4 through 6

   0.000002765676399   0.000031207058558   0.000352329759216

  Columns 7 through 9

   0.003978025121443   0.044914609033861   0.507116877090866

  Column 10

   5.725685382146177


ord3 =

   1.0e+18 *

  Columns 1 through 3

   0.000000000000000   0.000000000000000   0.000000000000007

  Columns 4 through 6

   0.000000000000863   0.000000000109955   0.000000014015799

  Columns 7 through 9

   0.000001786714849   0.000227769491930   0.029035967354910

  Column 10

   3.701484085464539

%%%%%%%%%%%%   função g2(x)= 0.5 x^2
[z,nit ,ord1,ord2,ord3] = pfixordem('g2',1.5, 1e-10)

z =

     5.877471754111438e-39


nit =

     7


ord1 =

  Columns 1 through 3

   1.312500000000000   0.878906250000000   0.416519165039063

  Columns 4 through 6

   0.110135510796681   0.010123048183339   0.000100462516410

  Column 7

   0.000000010090690


ord2 =

  Columns 1 through 3

   3.500000000000000   1.785714285714286   0.962857142857143

  Columns 4 through 6

   0.611250529885545   0.510124065170244   0.500100462517424

  Column 7

   0.500000010090690


ord3 =

   1.0e+07 *

  Columns 1 through 3

   0.000000933333333   0.000000362811791   0.000000222581325

  Columns 4 through 6

   0.000000339243181   0.000002570634429   0.000248949042435

  Column 7

   2.477531384885939

%%%%%%%%%%%%%%%%%    g3(x)=-x^3
[z,nit ,ord1,ord2,ord3] = pfixordem('g3',0.9, 1e-10)

z =

     4.393285036964773e-34


nit =

     5


ord1 =

  Columns 1 through 3

   0.685341000000000   0.399106098815999   0.130947627665583

  Columns 4 through 5

   0.003369996764447   0.000000038662195


ord2 =

  Columns 1 through 3

   0.420712707182321   0.357487257487980   0.293887742096774

  Columns 4 through 5

   0.057758470799584   0.000196627035271


ord3 =

  Columns 1 through 3

   0.258264399743598  -0.320208434913433  -0.659576706309745

  Columns 4 through 5

  -0.989924080729476  -0.999999884013418


