format long

% EXERCICIO 2

% FUNCAO G1
[z,nit,dif,ord1,ord2,ord3] = ex1(@(x) 1.5*x.*(1-x),0.5,1e-10)

z =

  Columns 1 through 6

   0.500000000000000   0.375000000000000   0.351562500000000   0.341949462890625   0.337530041579157   0.335405268916094

  Columns 7 through 12

   0.334362861749125   0.333846507648091   0.333589525468896   0.333461330949499   0.333397307566332   0.333365314310779

  Columns 13 through 18

   0.333349322287882   0.333341327427137   0.333337330284377   0.333335331784892   0.333334332553122   0.333333832941730

  Columns 19 through 24

   0.333333583137157   0.333333458235152   0.333333395784219   0.333333364558770   0.333333348946050   0.333333341139691

  Columns 25 through 30

   0.333333337236512   0.333333335284923   0.333333334309128   0.333333333821231   0.333333333577282   0.333333333455308

  Column 31

   0.333333333394320


nit =

    31


dif =

     6.098721527791895e-11


ord1 =

  Columns 1 through 6

   0.187500000000000   0.410156250000000   0.459732055664062   0.480780743295321   0.490597034257153   0.495347804002178

  Columns 7 through 12

   0.497685945903978   0.498845950324501   0.499423715373096   0.499712042226071   0.499856067185673   0.499928045099232

  Columns 13 through 18

   0.499964025429126   0.499982013411450   0.499991006941196   0.499995503417499   0.499997751771861   0.499998876241981

  Columns 19 through 24

   0.499999437786399   0.499999718670665   0.499999860446349   0.499999928889840   0.499999964444915   0.499999964444912

  Columns 25 through 29

   0.500000000000000   0.499999971555928   0.500000056888148   0.500000341328848   0.500000000000000


ord2 =

   1.0e+09 *

  Columns 1 through 6

   0.000000001500000   0.000000017500000   0.000000047823810   0.000000108788167   0.000000230893894   0.000000475196084

  Columns 7 through 12

   0.000000963846215   0.000001941169430   0.000003895827355   0.000007805148955   0.000015623795033   0.000031261088626

  Columns 13 through 18

   0.000062535676534   0.000125084852702   0.000250183205267   0.000500379910279   0.001000773320844   0.002001560142994

  Columns 19 through 24

   0.004003133778966   0.008006281058086   0.016012575666173   0.032025164654632   0.064050342973153   0.128100695055567

  Columns 25 through 29

   0.256201426548189   0.512402823946731   1.024805881090659   2.049612694969855   4.099219793209923


ord3 =

   1.0e+19 *

  Columns 1 through 6

   0.000000000000000   0.000000000000000   0.000000000000000   0.000000000000002   0.000000000000011   0.000000000000046

  Columns 7 through 12

   0.000000000000187   0.000000000000755   0.000000000003039   0.000000000012191   0.000000000048835   0.000000000195479

  Columns 13 through 18

   0.000000000782198   0.000000003129357   0.000000012518552   0.000000050076461   0.000000200310349   0.000000801250402

  Columns 19 through 24

   0.000003205019614   0.000012820114490   0.000051280530206   0.000205122263404   0.000820489345341   0.003281957848124

  Columns 25 through 29

   0.013127834193065   0.052511333784989   0.210045394885414   0.840181866319701   3.360720582608801



% FUNCAO G2

[z,nit,dif,ord1,ord2,ord3] = ex1(@(x) 3.5*x.*(1-x),0.5,1e-10)
a condicao de paragem nao foi satisfeita 

z =

  Columns 1 through 6

   0.500000000000000   0.875000000000000   0.382812500000000   0.826934814453125   0.500897694844753   0.874997179503880

  Columns 7 through 12

   0.382819903774472   0.826940887670016   0.500883795893397   0.874997266166866   0.382819676285819   0.826940701069839

  Columns 13 through 18

   0.500884222943868   0.874997263524249   0.382819683222636   0.826940706759849   0.500884209921797   0.874997263604850

  Columns 19 through 24

   0.382819683011062   0.826940706586302   0.500884210318973   0.874997263602391   0.382819683017515   0.826940706591595

  Columns 25 through 30

   0.500884210306859   0.874997263602466   0.382819683017318   0.826940706591434   0.500884210307229   0.874997263602464

  Columns 31 through 36

   0.382819683017324   0.826940706591439   0.500884210307218   0.874997263602464   0.382819683017324   0.826940706591439

  Columns 37 through 42

   0.500884210307218   0.874997263602464   0.382819683017324   0.826940706591439   0.500884210307218   0.874997263602464

  Columns 43 through 48

   0.382819683017324   0.826940706591439   0.500884210307218   0.874997263602464   0.382819683017324   0.826940706591439

  Columns 49 through 54

   0.500884210307218   0.874997263602464   0.382819683017324   0.826940706591439   0.500884210307218   0.874997263602464

  Columns 55 through 60

   0.382819683017324   0.826940706591439   0.500884210307218   0.874997263602464   0.382819683017324   0.826940706591439

  Columns 61 through 66

   0.500884210307218   0.874997263602464   0.382819683017324   0.826940706591439   0.500884210307218   0.874997263602464

  Columns 67 through 72

   0.382819683017324   0.826940706591439   0.500884210307218   0.874997263602464   0.382819683017324   0.826940706591439

  Columns 73 through 78

   0.500884210307218   0.874997263602464   0.382819683017324   0.826940706591439   0.500884210307218   0.874997263602464

  Columns 79 through 84

   0.382819683017324   0.826940706591439   0.500884210307218   0.874997263602464   0.382819683017324   0.826940706591439

  Columns 85 through 90

   0.500884210307218   0.874997263602464   0.382819683017324   0.826940706591439   0.500884210307218   0.874997263602464

  Columns 91 through 96

   0.382819683017324   0.826940706591439   0.500884210307218   0.874997263602464   0.382819683017324   0.826940706591439

  Columns 97 through 100

   0.500884210307218   0.874997263602464   0.382819683017324   0.826940706591439


nit =

   100


dif =

   0.444121023574115


ord1 =

  Columns 1 through 6

   1.312500000000000   0.902343750000000   0.734115600585938   1.147413782542572   1.315632060220214   0.902359791474232

  Columns 7 through 12

   0.734162770055707   1.147386392471946   1.315583717210921   0.902359298584396   0.734161320744801   1.147387234047974

  Columns 13 through 18

   1.315585202638410   0.902359313614100   0.734161364938698   1.147387208385761   1.315585157343264   0.902359313155691

  Columns 19 through 24

   0.734161363590775   1.147387209168464   1.315585158724776   0.902359313169673   0.734161363631887   1.147387209144591

  Columns 25 through 30

   1.315585158682640   0.902359313169246   0.734161363630631   1.147387209145320   1.315585158683927   0.902359313169259

  Columns 31 through 36

   0.734161363630670   1.147387209145298   1.315585158683887   0.902359313169259   0.734161363630670   1.147387209145298

  Columns 37 through 42

   1.315585158683887   0.902359313169259   0.734161363630670   1.147387209145298   1.315585158683887   0.902359313169259

  Columns 43 through 48

   0.734161363630670   1.147387209145298   1.315585158683887   0.902359313169259   0.734161363630670   1.147387209145298

  Columns 49 through 54

   1.315585158683887   0.902359313169259   0.734161363630670   1.147387209145298   1.315585158683887   0.902359313169259

  Columns 55 through 60

   0.734161363630670   1.147387209145298   1.315585158683887   0.902359313169259   0.734161363630670   1.147387209145298

  Columns 61 through 66

   1.315585158683887   0.902359313169259   0.734161363630670   1.147387209145298   1.315585158683887   0.902359313169259

  Columns 67 through 72

   0.734161363630670   1.147387209145298   1.315585158683887   0.902359313169259   0.734161363630670   1.147387209145298

  Columns 73 through 78

   1.315585158683887   0.902359313169259   0.734161363630670   1.147387209145298   1.315585158683887   0.902359313169259

  Columns 79 through 84

   0.734161363630670   1.147387209145298   1.315585158683887   0.902359313169259   0.734161363630670   1.147387209145298

  Columns 85 through 90

   1.315585158683887   0.902359313169259   0.734161363630670   1.147387209145298   1.315585158683887   0.902359313169259

