format long

% EXERCICIO 3 - d

% FUNCAO G1

[z,nit,dif,ord1,ord2,ord3] = ex3(@(x) 1.5*x.*(1-x),0.5,1e-10)

z =

   0.500000000000000   0.346153846153846   0.333557625020186   0.333333408666681   0.333333333333342   0.333333333333333


nit =

     6


dif =

     8.659739592076221e-15


ord1 =

   0.081875437368791   0.017800287175458   0.000335985034842   0.000000114952286


ord2 =

   0.532190342897139   1.413145020762739   1.498485857922786   1.525915183079097


ord3 =

   1.0e+07 *

   0.000000345923723   0.000011218801304   0.000668321393377   2.025550966356565




% FUNCAO G2

[z,nit,dif,ord1,ord2,ord3] = ex3(@(x) 3.5*x.*(1-x),0.5,1e-10)

z =

  Columns 1 through 6

   0.500000000000000   0.662162162162162   0.709387706076921   0.714236074406076   0.714285709111846   0.714285714285714

  Column 7

   0.714285714285714


nit =

     7


dif =

     1.110223024625157e-16


ord1 =

   0.291224187474344   0.102664107752934   0.010237404091504   0.000104238915279   0.000000021458279


ord2 =

   1.795882489425118   2.173910541681468   2.111515338045101   2.100121551284898   4.147434724074579


ord3 =

   1.0e+08 *

   0.000000110746087   0.000000460325146   0.000004355105047   0.000423115543591   8.016120265366700



% FUNCAO G3

[z,nit,dif,ord1,ord2,ord3] = ex3(@(x) 0.5*(x + 1/x),50,1e-10)

z =

  Columns 1 through 6

  50.000000000000000   0.059936076707935   5.614693484731180   0.493042479150045   1.081483795977287   0.999880022834519

  Columns 7 through 8

   1.000000000000432   1.000000000000000


nit =

     8


dif =

     4.318767565791859e-13


ord1 =

   0.111228480134814   0.922029645828181   0.114892896096592   0.138677844007894   0.001470240422622   0.000000003599658


ord2 =

   0.002227239442578   0.165989183343346   0.022432785047515   0.235669794153165   0.018016819149397   0.000030002858474


ord3 =

   0.000044598249734   0.029882346095546   0.004379990948831   0.400498380065917   0.220784143373810   0.250071405219796

